0.41951408
0.36464896
-0.81316163
0.339399
0.04663874
0.71200738
0.63682454
0.48786915
-0.44263444
-0.39789236
1.01285122
-0.25577332
0.52320455
0.51210718
-0.69856604
1.09582723
-0.19332499
-0.00171216
0.86561119
0.38334843
-0.73848934
0.2887078
0.71569751
-0.47511768
-0.91303967
1.14512483
0.29113058
0.57586099
0.39180629
0.43004778
-0.24380712
0.32924373
1.03032966
0.97498954
-0.09889766
-0.5097844
0.06940672
0.77745077
-0.12768283
0.26331436
0.94809135
0.62343773
-0.13656186
0.64812558
0.30323706
1.12020613
0.51407802
0.7837656
0.23375938
0.03285173
0.04316423
0.50712421
0.4919988
0.90298234
0.82458135
-0.2326887
0.05586561
0.75677613
-0.11836143
0.38367583
0.79557694
0.29775995
-0.05006864
0.60247553
0.15773735
0.49224231
0.45935017
0.00063029
-0.02797956
0.00803939
0.31124319
0.39983808
0.05651496
0.15113882
0.56332579
0.42839759
0.31092971
0.14430892
-0.09449822
0.43267613
0.65055767
0.5811804
0.02647175
0.61863437
-0.01356142
0.74285542
0.14381428
0.52285609
0.49593626
0.78828648
0.14865108
0.22910052
0.66151929
0.87162327
0.3296364
0.28006823
0.69268794
0.92564831
0.03646923
0.3611192
0.54247042
0.06532043
0.76860768
0.05912745
0.75918457
0.03735166
0.74039235
0.32685397
0.2063003
0.31868041
0.56264977
0.30382985
0.21911574
0.44427781
0.3148661
0.34792511
0.50541402
0.18985723
0.28626665
0.64097682
-0.00999546
0.66024808
0.25793763
0.63224845
0.4494052
0.96806037
0.27902237
0.2343644
-0.06091856
0.48294243
0.45215973
0.46212062
0.00717419
0.92478941
-0.47081211
0.97040544
0.45080638
0.30253405
0.72116848
0.49145773
-0.24870306
0.05315693
0.54581521
0.16371085
0.85475909
0.53569437
0.86817915
0.79981971
0.43089269
-0.10743826
0.17957277
0.16988333
1.40916822
-0.42244773
1.1058669
-0.08028196
0.2452046
0.03620362
-0.08944903
0.1141916
0.33707627
0.67580817
0.21307239
0.44085722
0.63455132
0.53834828
0.1555265
0.10837848
0.39638243
0.0031384
0.30333572
-0.20062545
0.86845208
-0.39574763
-0.33367192
1.49685546
-0.08161565
1.34747795
-0.10541166
0.31518673
0.33384091
0.90518292
0.88221471
-0.31401406
-0.20595482
1.47643854
